159.571 0.040082 161.214 0 0 0 1
159.88 0.036019 160.736 0 0 0 1
160.218 0.0514119 160.246 0 0 0 1
160.529 0.0429647 159.737 0 0 0 1
160.831 0.0622737 159.186 0 0 0 1
161.125 0.0626362 158.695 0 0 0 1
161.414 0.0729827 158.179 0 0 0 1
161.737 0.0689831 157.674 0 0 0 1
162.025 0.0703278 157.202 0 0 0 1
162.318 0.0790802 156.641 0 0 0 1
162.582 0.0784598 156.13 0 0 0 1
162.858 0.0891857 155.618 0 0 0 1
163.22 0.110325 155.131 0 0 0 1
163.576 0.104049 154.689 0 0 0 1
163.931 0.120142 154.172 0 0 0 1
164.231 0.128817 153.728 0 0 0 1
164.618 0.140372 153.296 0 0 0 1
165.087 0.14735 152.876 0 0 0 1
165.497 0.177006 152.535 0 0 0 1
165.961 0.14622 152.096 0 0 0 1
166.406 0.152723 151.771 0 0 0 1
166.95 0.160615 151.458 0 0 0 1
167.515 0.160416 151.198 0 0 0 1
168.035 0.173049 151.005 0 0 0 1
168.57 0.159796 150.755 0 0 0 1
169.111 0.171506 150.543 0 0 0 1
169.685 0.160014 150.356 0 0 0 1
170.283 0.157084 150.124 0 0 0 1
